4006534799
1034468512
3256413248
748814999
2165051255
3276601523
1857844485
47327259
3625233660
2304953569
3709791199
1721791697
1081902592
2592860010
1779429609
4273236223
2671762364
3136476494
1712205057
4187629797
2056949842
4015918375
2784155168
2790626120
1717457767
4066963200
2652538676
3909736049
2148771809
605461570
333848650
4249187516
3122509576
3329053976
401603279
3974272584
1329370711
1689508354
68130484
193679022
2115535236
4016027758
3240003927
1672808614
1048511464
1260548765
2410756847
2592545114
544693601
656021357
3374502023
1117556605
1905383387
343745879
2374849971
3591454590
2071930580
1533429202
2926243099
4077889651
914406296
1795293832
1892107600
486184728
1548765963
1924320351
1940279453
4021077657
477123809
1616719690
1509146784
66969189
3510746504
1216516964
1926985367
1602009111
3009043163
2392822657
2395860076
313949439
370553068
3062473882
2965162204
935495536
1327562750
1213227156
1130353101
685990902
22632192
802315604
3377629305
2767543113
2301756274
3090105771
1226809193
3171599908
3863122193
121024106
2389810047
2475939069
3429679228
4143198324
1685426576
3025807511
880270113
159372558
986391087
448716758
500120346
2204112035
1982379135
3924494075
169387477
1602742991
1193853664
2728689148
2686662329
3672445149
843001139
3315348526
652135569
2709388787
1590210123
74687296
1556534949
944450738
4167657770
3394750879
1358318114
934769642
3600754606
1091995872
3916918450
3647466655
240769773
3493814497
850982325
1011215419
1765599990
2201030297
1774641990
114022520
2971395694
3752688841
383857128
3166235672
3773509783
26183831
4293358910
931407391
4287464517
4293402220
1700349317
4133898594
4281876925
1576004744
840999895
1851291283
2711194196
750896912
2358137371
101757951
3393160397
3296277930
1311883729
3346136721
2852605198
1560405903
771267078
3518990220
591691631
487191661
1212327164
804462089
2164566188
2631010721
2587724772
1791998555
1845697821
1637989738
3473756908
3504488242
3345624478
335155187
524923074
237594454
3803343751
3925582584
1974439650
775697604
1902784216
1038947785
4064831205
2717327173
3717024767
3907886312
1257999823
3401068666
2254862102
4153170940
3572282505
4279932132
302643415
3360669561
782350377
3057561528
3727913493
3821418976
2687604793
1376714880
3068826086
1866118987
2596475641
727160165
605899140
380266248
894740855
4285783552
3632452635
1908534503
3205534699
719393596
4273297373
3273324252
1850561709
2557959772
4208237128
869703136
1364264344
3272249606
641503480
998444975
2227049382
499916736
1635031027
3807212314
442760474
2206016029
1337902338
1699572624
3064717619
1728577150
1650850589
621753089
1519785407
4154637302
1937890671
2260802918
751510998
4058233793
3177824987
1740983451
2468187874
520544790
673341176
162023732